0 0.088005 0.212037 0.071083 0.324074
0 0.181834 0.208333 0.068239 0.324074
0 0.282061 0.161111 0.046915 0.233333
0 0.352432 0.167593 0.045493 0.242593
0 0.467586 0.284259 0.099516 0.472222
0 0.599800 0.281481 0.096672 0.470370
0 0.713532 0.197222 0.062553 0.301852
0 0.815180 0.163889 0.063974 0.235185
0 0.905455 0.198148 0.059709 0.285185
0 0.120703 0.682407 0.150695 0.498148
0 0.287036 0.751852 0.127949 0.348148
0 0.436310 0.760185 0.125105 0.346296
0 0.591270 0.775000 0.125105 0.316667
0 0.808072 0.679630 0.260162 0.566667
0 0.350300 0.425000 0.055444 0.201852
0 0.274952 0.422222 0.049758 0.192593